Вот такой текст:
Сегодня завтра было вчера, а еще сегодня было завтра.

Пары слов в упорядоченном порядке:
0)а,
1)было,
2)вчера,
3)еще,
4)завтра,
5)сегодня.

Матрица
6*6
0 1 0 1 1 1 
1 1 1 1 2 1 
1 1 0 1 1 1 
0 1 0 0 1 1 
1 2 1 1 1 1 
1 3 1 1 3 1 

Матрица переходных вероятностей, там где нужно было каждое число разделить на сумму элементов всей строки:

0.000000 0.250000 0.000000 0.250000 0.250000 0.250000 
0.142857 0.142857 0.142857 0.142857 0.285714 0.142857 
0.200000 0.200000 0.000000 0.200000 0.200000 0.200000 
0.000000 0.333333 0.000000 0.000000 0.333333 0.333333 
0.142857 0.285714 0.142857 0.142857 0.142857 0.142857 
0.100000 0.300000 0.100000 0.100000 0.300000 0.100000

Теперь эту матрицу перевернул, как нужно было по заданию, столбец идет на место строчки.

0.000000 0.142857 0.200000 0.000000 0.142857 0.100000 
0.250000 0.142857 0.200000 0.333333 0.285714 0.300000 
0.000000 0.142857 0.000000 0.000000 0.142857 0.100000 
0.250000 0.142857 0.200000 0.000000 0.142857 0.100000 
0.250000 0.285714 0.200000 0.333333 0.142857 0.300000 
0.250000 0.142857 0.200000 0.333333 0.142857 0.100000 


Теперь, так как в тексте 9 слов, то возвожу эту перевернутую матрицу в 9 степень:

Числа будут казаться одинаковыми, но у них значения на концах дробной части различаются.

Вторая степень
0.09642857142857142  0.1040816326530612  0.07714285714285715  0.1285714285714286 0.1040816326530612  0.1157142857142857 
0.2654761904761905   0.2568027210884354  0.2623809523809524   0.2428571428571428 0.2363945578231292  0.2369047619047619 
0.09642857142857142  0.07551020408163266 0.07714285714285715  0.1285714285714286 0.07551020408163266 0.0957142857142857 
0.09642857142857142  0.1397959183673469  0.1271428571428571   0.1285714285714286 0.1397959183673469  0.1407142857142857 
0.2654761904761905   0.2363945578231292  0.2623809523809524   0.2428571428571428 0.2568027210884354  0.2369047619047619 
0.1797619047619048   0.1874149659863945  0.1938095238095238   0.1285714285714286 0.1874149659863945  0.174047619047619 

Третья степень
0.1051986151603498  0.1068546438983757  0.1067813411078717  0.1042784256559767  0.1068546438983757  0.1060883381924198 
0.2478374635568513  0.2476235943356934  0.2469179300291545  0.2493275024295432  0.24720710120783    0.2480799562682215 
0.08643330903790086 0.08901499375260306 0.08791195335276968 0.08782944606413993 0.08901499375260308 0.08906997084548104 
0.1334766763848396  0.1329297167846731  0.1342252186588921  0.131268221574344   0.1329297167846731  0.1321470116618076 
0.2478374635568513  0.24720710120783    0.2469179300291545  0.2493275024295432  0.2476235943356935  0.2480799562682215 
0.179216472303207   0.1763699500208246  0.1772456268221574  0.1779689018464529  0.1763699500208246  0.1765347667638484 

Четвертая
0.10619289651176    0.106193555229452   0.1061897489452281  0.1062009635132136  0.106193555229452   0.1061967103429541 
0.2477910971449755  0.247787661044085   0.2477911512226081  0.2477849622020546  0.2477874875775594  0.2477858363798674 
0.08849967449956694 0.08849304340611668 0.08849296161184661 0.08850305978390015 0.08849304340611669 0.08849589811928459 
0.1327371861815351  0.1327445732980668  0.1327402663466191  0.1327431373900634  0.1327445732980668  0.1327453968406347 
0.2477910971449755  0.2477874875775594  0.2477911512226082  0.2477849622020546  0.247787661044085   0.2477858363798675 
0.1769880485171868  0.1769936794447201  0.1769947206510897  0.1769829149087135  0.1769936794447201  0.1769903219373914 

Пятая
0.1061946901955199  0.1061946902928179  0.1061946902670145  0.1061946902052118 0.1061946902928179  0.1061946902753815 
0.2477876106493376  0.2477876105988723  0.2477876105945964  0.2477876106832418 0.2477876105988422  0.2477876106238671 
0.08849557513828628 0.08849557523326353 0.08849557516786269 0.088495575236457  0.08849557523326353 0.08849557525261606 
0.1327433628337682  0.132743362851492   0.1327433628870037  0.1327433627468229 0.132743362851492   0.1327433628119421 
0.2477876106493376  0.2477876105988422  0.2477876105945964  0.2477876106832418 0.2477876105988723  0.2477876106238672 
0.17699115053375    0.1769911504247117  0.1769911504889259  0.1769911504450242 0.1769911504247118  0.1769911504123257 

Шестая
0.1061946902654866  0.1061946902654866  0.1061946902654866  0.1061946902654866  0.1061946902654866  0.1061946902654866 
0.2477876106194688  0.2477876106194688  0.2477876106194688  0.2477876106194688  0.2477876106194689  0.2477876106194688 
0.08849557522123885 0.08849557522123888 0.08849557522123887 0.08849557522123887 0.08849557522123888 0.08849557522123887 
0.1327433628318583  0.1327433628318583  0.1327433628318583  0.1327433628318583  0.1327433628318583  0.1327433628318583 
0.2477876106194688  0.2477876106194689  0.2477876106194689  0.2477876106194688  0.2477876106194689  0.2477876106194688 
0.1769911504424777  0.1769911504424778  0.1769911504424778  0.1769911504424777  0.1769911504424778  0.1769911504424778 

Седьмая
0.1061946902654865 0.1061946902654866  0.1061946902654866  0.1061946902654866 0.1061946902654866  0.1061946902654865 
0.2477876106194686 0.2477876106194686  0.2477876106194686  0.2477876106194686 0.2477876106194686  0.2477876106194686 
0.0884955752212388 0.08849557522123881 0.08849557522123881 0.0884955752212388 0.08849557522123881 0.0884955752212388 
0.1327433628318582 0.1327433628318582  0.1327433628318582  0.1327433628318582 0.1327433628318582  0.1327433628318582 
0.2477876106194686 0.2477876106194687  0.2477876106194686  0.2477876106194686 0.2477876106194687  0.2477876106194686 
0.1769911504424776 0.1769911504424776  0.1769911504424776  0.1769911504424776 0.1769911504424776  0.1769911504424776 

Восьмая
0.1061946902654864  0.1061946902654864  0.1061946902654864  0.1061946902654864  0.1061946902654864  0.1061946902654864 
0.2477876106194682  0.2477876106194682  0.2477876106194682  0.2477876106194682  0.2477876106194682  0.2477876106194682 
0.08849557522123866 0.08849557522123867 0.08849557522123866 0.08849557522123866 0.08849557522123867 0.08849557522123866 
0.132743362831858   0.132743362831858   0.132743362831858   0.132743362831858   0.132743362831858   0.132743362831858 
0.2477876106194682  0.2477876106194683  0.2477876106194683  0.2477876106194683  0.2477876106194683  0.2477876106194683 
0.1769911504424773  0.1769911504424773  0.1769911504424773  0.1769911504424773  0.1769911504424773  0.1769911504424773 

Девятая
0.106194690265486   0.1061946902654861  0.1061946902654861  0.1061946902654861  0.1061946902654861  0.1061946902654861 
0.2477876106194674  0.2477876106194675  0.2477876106194675  0.2477876106194675  0.2477876106194675  0.2477876106194675 
0.08849557522123837 0.08849557522123838 0.08849557522123838 0.08849557522123838 0.08849557522123838 0.08849557522123838 
0.1327433628318576  0.1327433628318576  0.1327433628318576  0.1327433628318576  0.1327433628318576  0.1327433628318576 
0.2477876106194675  0.2477876106194675  0.2477876106194675  0.2477876106194675  0.2477876106194675  0.2477876106194675 
0.1769911504424767  0.1769911504424768  0.1769911504424768  0.1769911504424768  0.1769911504424768  0.1769911504424768 

Получена итоговая матрица, которая в столбцах содержит матрицу возведенную в степень и умноженную на вектор 100000.
Чтобы табличка влезла на экран, я ограничил вывод знаков после запятой, из-за этого числа кажутся одинаковыми, что подозрительно, но на самом деле они разные.

 2-я ст    3-я ст  4-я ст   5-я ст   6-я ст   7-я ст   8-я ст   9-я ст
0.096429 0.105199 0.106193 0.106195 0.106195 0.106195 0.106195 0.106195 
0.265476 0.247837 0.247791 0.247788 0.247788 0.247788 0.247788 0.247788 
0.096429 0.086433 0.088500 0.088496 0.088496 0.088496 0.088496 0.088496 
0.096429 0.133477 0.132737 0.132743 0.132743 0.132743 0.132743 0.132743 
0.265476 0.247837 0.247791 0.247788 0.247788 0.247788 0.247788 0.247788 
0.179762 0.179216 0.176988 0.176991 0.176991 0.176991 0.176991 0.176991